,date,contractmonth,dailyopen,dailyhigh,dailylow,dailyclose,dailyvolume
0,20230707,202307,68010.0,68360.0,67980.0,68300.0,20670
1,20230708,202307,68290.0,68340.0,68270.0,68340.0,110
2,20230709,202307,,,,,0
3,20230710,202307,68280.0,68510.0,68010.0,68240.0,28310
4,20230711,202307,68280.0,68550.0,67880.0,67960.0,25105
5,20230712,202307,67970.0,69000.0,67930.0,68800.0,18205
6,20230713,202307,68750.0,69980.0,68680.0,69820.0,13895
7,20230714,202307,69920.0,69970.0,69490.0,69690.0,11695
8,20230715,202307,,,,,0
9,20230716,202307,,,,,0
10,20230717,202307,69600.0,69640.0,68910.0,68920.0,3765
11,20230707,202308,67610.0,68020.0,67580.0,67920.0,59693
12,20230708,202308,67920.0,67960.0,67880.0,67940.0,1395
13,20230709,202308,,,,,0
14,20230710,202308,67860.0,68150.0,67660.0,68010.0,67608
15,20230711,202308,68010.0,68340.0,67520.0,67640.0,90917
16,20230712,202308,67650.0,68710.0,67620.0,68540.0,83254
17,20230713,202308,68540.0,69730.0,68410.0,69570.0,96575
18,20230714,202308,69580.0,69710.0,69200.0,69300.0,86040
19,20230715,202308,69300.0,69390.0,69280.0,69380.0,2348
20,20230716,202308,,,,,0
21,20230717,202308,69300.0,69350.0,68130.0,68450.0,85957
22,20230718,202308,68450.0,68690.0,68270.0,68560.0,58979
23,20230719,202308,68560.0,68790.0,68340.0,68520.0,59393
24,20230720,202308,68520.0,68970.0,68410.0,68570.0,61093
25,20230721,202308,68570.0,68800.0,68250.0,68350.0,62781
26,20230722,202308,68350.0,68410.0,68340.0,68380.0,1188
27,20230723,202308,,,,,0
28,20230724,202308,68450.0,68890.0,68250.0,68870.0,62082
29,20230725,202308,68870.0,69440.0,68730.0,69340.0,60548
30,20230726,202308,69340.0,69340.0,68880.0,69160.0,41973
31,20230727,202308,69150.0,69500.0,68790.0,68960.0,38074
32,20230728,202308,68950.0,69470.0,68800.0,69470.0,30195
33,20230729,202308,69480.0,69600.0,69430.0,69560.0,910
34,20230730,202308,,,,,0
35,20230731,202308,69560.0,70710.0,69430.0,70660.0,36802
36,20230801,202308,70620.0,71050.0,69800.0,69810.0,30113
37,20230802,202308,69810.0,69990.0,68920.0,68960.0,26295
38,20230803,202308,68950.0,69460.0,68920.0,69430.0,22010
39,20230804,202308,69420.0,69790.0,68980.0,69240.0,20010
40,20230805,202308,69330.0,69330.0,69230.0,69230.0,40
41,20230806,202308,,,,,0
42,20230807,202308,69180.0,69360.0,68900.0,68910.0,23180
43,20230808,202308,68890.0,69140.0,67960.0,68290.0,31050
44,20230809,202308,68290.0,68870.0,68290.0,68520.0,19600
45,20230810,202308,68550.0,68950.0,68500.0,68560.0,17965
46,20230811,202308,68550.0,72630.0,68050.0,68140.0,16515
47,20230812,202308,,,,,0
48,20230813,202308,,,,,0
49,20230814,202308,68160.0,68280.0,67970.0,68250.0,12015
50,20230815,202308,68250.0,68820.0,68190.0,68700.0,3705
51,20230707,202309,67370.0,67720.0,67300.0,67610.0,28282
52,20230708,202309,67620.0,67690.0,67590.0,67660.0,582
53,20230709,202309,,,,,0
54,20230710,202309,67630.0,67880.0,67390.0,67750.0,33071
55,20230711,202309,67740.0,68060.0,67280.0,67410.0,51735
56,20230712,202309,67410.0,68480.0,67390.0,68320.0,57608
57,20230713,202309,68310.0,69520.0,68180.0,69350.0,59606
58,20230714,202309,69350.0,69470.0,68980.0,69090.0,49777
59,20230715,202309,69090.0,69190.0,69080.0,69180.0,1297
60,20230716,202309,,,,,0
61,20230717,202309,69100.0,69140.0,67880.0,68240.0,60687
62,20230718,202309,68240.0,68450.0,68030.0,68330.0,39349
63,20230719,202309,68330.0,68580.0,68160.0,68330.0,43019
64,20230720,202309,68320.0,68820.0,68210.0,68430.0,53079
65,20230721,202309,68430.0,68650.0,68080.0,68200.0,56461
66,20230722,202309,68190.0,68240.0,68150.0,68230.0,1489
67,20230723,202309,,,,,0
68,20230724,202309,68240.0,68770.0,68070.0,68740.0,65447
69,20230725,202309,68740.0,69380.0,68600.0,69260.0,89120
70,20230726,202309,69280.0,69280.0,68820.0,69080.0,68800
71,20230727,202309,69080.0,69470.0,68700.0,68870.0,92172
72,20230728,202309,68860.0,69400.0,68700.0,69400.0,76891
73,20230729,202309,69400.0,69500.0,69340.0,69400.0,8073
74,20230730,202309,,,,,0
75,20230731,202309,69470.0,70600.0,69340.0,70500.0,129718
76,20230801,202309,70500.0,70940.0,69630.0,69680.0,138837
77,20230802,202309,69680.0,69850.0,68770.0,68850.0,105485
78,20230803,202309,68840.0,69340.0,68800.0,69260.0,81023
79,20230804,202309,69270.0,69660.0,68800.0,69150.0,87048
80,20230805,202309,69160.0,69180.0,69070.0,69070.0,1654
81,20230806,202309,,,,,0
82,20230807,202309,69000.0,69230.0,68720.0,68750.0,65054
83,20230808,202309,68740.0,69030.0,67770.0,68100.0,112831
84,20230809,202309,68100.0,68730.0,68090.0,68390.0,74309
85,20230810,202309,68380.0,68850.0,68320.0,68410.0,80627
86,20230811,202309,68410.0,68450.0,67810.0,68020.0,80066
87,20230812,202309,68020.0,68110.0,68010.0,68080.0,2454
88,20230813,202309,,,,,0
89,20230814,202309,68020.0,68220.0,67850.0,68150.0,69600
90,20230815,202309,68160.0,68680.0,67770.0,67830.0,95049
91,20230816,202309,67830.0,68100.0,67550.0,67840.0,82053
92,20230817,202309,67840.0,68550.0,67560.0,68170.0,70203
93,20230818,202309,68180.0,68440.0,67970.0,68210.0,53776
94,20230819,202309,68210.0,68310.0,68170.0,68230.0,1831
95,20230820,202309,,,,,0
96,20230821,202309,68400.0,68670.0,68350.0,68450.0,57940
97,20230822,202309,68450.0,69100.0,68390.0,69010.0,57469
98,20230823,202309,69010.0,69440.0,68970.0,69380.0,56621
99,20230824,202309,69390.0,69490.0,68920.0,68940.0,43060
100,20230825,202309,68940.0,69210.0,68820.0,68950.0,37166
101,20230826,202309,68970.0,69030.0,68930.0,68950.0,384
102,20230827,202309,,,,,0
103,20230828,202309,69120.0,69560.0,68940.0,69170.0,36240
104,20230829,202309,69170.0,69680.0,69130.0,69650.0,34793
105,20230830,202309,69640.0,69880.0,69480.0,69860.0,28497
106,20230831,202309,69860.0,69900.0,69470.0,69550.0,28713
107,20230901,202309,69550.0,70530.0,69520.0,70050.0,23922
108,20230902,202309,70000.0,70000.0,69930.0,69930.0,75
109,20230903,202309,,,,,0
110,20230904,202309,70000.0,70060.0,69520.0,69690.0,21170
111,20230905,202309,69700.0,70000.0,69340.0,69960.0,24335
112,20230906,202309,69980.0,70040.0,69380.0,69410.0,19645
113,20230907,202309,69400.0,69520.0,69080.0,69280.0,24395
114,20230908,202309,69270.0,69280.0,68760.0,68860.0,24130
115,20230909,202309,68860.0,68880.0,68850.0,68880.0,120
116,20230910,202309,,,,,0
117,20230911,202309,68920.0,69700.0,68920.0,69600.0,22105
118,20230912,202309,69620.0,69660.0,69240.0,69440.0,19355
119,20230913,202309,69380.0,69550.0,69240.0,69470.0,16035
120,20230914,202309,69460.0,69820.0,69270.0,69660.0,13160
121,20230915,202309,69800.0,70200.0,68970.0,70010.0,4595
122,20230707,202310,67120.0,67440.0,67050.0,67340.0,6930
123,20230708,202310,67370.0,67410.0,67330.0,67400.0,88
124,20230709,202310,,,,,0
125,20230710,202310,67340.0,67600.0,67120.0,67480.0,9097
126,20230711,202310,67480.0,67820.0,67100.0,67200.0,11710
127,20230712,202310,67200.0,68280.0,67170.0,68130.0,13811
128,20230713,202310,68150.0,69290.0,67980.0,69130.0,17188
129,20230714,202310,69120.0,69250.0,68760.0,68900.0,14516
130,20230715,202310,68900.0,68990.0,68880.0,68980.0,318
131,20230716,202310,,,,,0
132,20230717,202310,68940.0,68940.0,67720.0,68040.0,15226
133,20230718,202310,68060.0,68250.0,67800.0,68140.0,8798
134,20230719,202310,68130.0,68370.0,67970.0,68130.0,13155
135,20230720,202310,68130.0,68620.0,68010.0,68220.0,16314
136,20230721,202310,68260.0,68480.0,67920.0,68020.0,17288
137,20230722,202310,68010.0,68060.0,67990.0,68060.0,248
138,20230723,202310,,,,,0
139,20230724,202310,68080.0,68600.0,67900.0,68560.0,15051
140,20230725,202310,68580.0,69250.0,68430.0,69130.0,23435
141,20230726,202310,69120.0,69130.0,68720.0,68960.0,18515
142,20230727,202310,68960.0,69360.0,68580.0,68740.0,23151
143,20230728,202310,68740.0,69260.0,68570.0,69260.0,19855
144,20230729,202310,69250.0,69360.0,69200.0,69260.0,1454
145,20230730,202310,,,,,0
146,20230731,202310,69340.0,70380.0,69170.0,70290.0,48291
147,20230801,202310,70290.0,70720.0,69440.0,69480.0,51500
148,20230802,202310,69470.0,69640.0,68560.0,68630.0,37008
149,20230803,202310,68640.0,69130.0,68580.0,69040.0,31986
150,20230804,202310,69050.0,69450.0,68600.0,68930.0,37750
151,20230805,202310,68930.0,68940.0,68860.0,68870.0,609
152,20230806,202310,,,,,0
153,20230807,202310,68840.0,69030.0,68520.0,68560.0,27637
154,20230808,202310,68540.0,68840.0,67630.0,67910.0,52708
155,20230809,202310,67920.0,68530.0,67920.0,68180.0,36999
156,20230810,202310,68180.0,68640.0,68110.0,68210.0,33698
157,20230811,202310,68210.0,68250.0,67670.0,67820.0,40448
158,20230812,202310,67820.0,67900.0,67800.0,67900.0,1484
159,20230813,202310,,,,,0
160,20230814,202310,67850.0,68000.0,67620.0,67950.0,37517
161,20230815,202310,67940.0,68450.0,67550.0,67630.0,55049
162,20230816,202310,67630.0,67850.0,67290.0,67590.0,53139
163,20230817,202310,67590.0,68280.0,67300.0,67910.0,56945
164,20230818,202310,67920.0,68160.0,67690.0,67920.0,40653
165,20230819,202310,67920.0,68020.0,67890.0,67970.0,1433
166,20230820,202310,,,,,0
167,20230821,202310,68190.0,68450.0,68140.0,68260.0,50326
168,20230822,202310,68260.0,68900.0,68200.0,68810.0,57642
169,20230823,202310,68800.0,69250.0,68760.0,69200.0,70202
170,20230824,202310,69190.0,69320.0,68710.0,68750.0,67754
171,20230825,202310,68740.0,69040.0,68600.0,68730.0,66535
172,20230826,202310,68720.0,68810.0,68710.0,68770.0,1658
173,20230827,202310,,,,,0
174,20230828,202310,68930.0,69390.0,68700.0,68940.0,80659
175,20230829,202310,68950.0,69460.0,68910.0,69430.0,76318
176,20230830,202310,69420.0,69640.0,69240.0,69620.0,66101
177,20230831,202310,69620.0,69640.0,69110.0,69230.0,65921
178,20230901,202310,69240.0,70210.0,69180.0,69680.0,97482
179,20230902,202310,69680.0,69690.0,69540.0,69570.0,3276
180,20230903,202310,,,,,0
181,20230904,202310,69620.0,69780.0,69150.0,69350.0,67538
182,20230905,202310,69360.0,69710.0,69010.0,69680.0,73440
183,20230906,202310,69670.0,69740.0,69030.0,69070.0,64412
184,20230907,202310,69060.0,69230.0,68740.0,68970.0,72311
185,20230908,202310,68970.0,68980.0,68410.0,68540.0,63939
186,20230909,202310,68530.0,68590.0,68510.0,68590.0,1453
187,20230910,202310,,,,,0
188,20230911,202310,68530.0,69500.0,68530.0,69350.0,69607
189,20230912,202310,69360.0,69450.0,69010.0,69210.0,54137
190,20230913,202310,69220.0,69360.0,69000.0,69240.0,56725
191,20230914,202310,69250.0,69620.0,69020.0,69490.0,76800
192,20230915,202310,69500.0,69920.0,69210.0,69250.0,80595
193,20230916,202310,69260.0,69320.0,69250.0,69320.0,1124
194,20230917,202310,,,,,0
195,20230918,202310,69330.0,69470.0,68950.0,69040.0,61923
196,20230919,202310,69040.0,69150.0,68600.0,68640.0,78186
197,20230920,202310,68640.0,69110.0,68620.0,68900.0,53895
198,20230921,202310,68890.0,68960.0,67500.0,67940.0,93341
199,20230922,202310,67940.0,68350.0,67880.0,68060.0,57075
200,20230923,202310,68060.0,68060.0,67950.0,67990.0,2181
201,20230924,202310,,,,,0
202,20230925,202310,68020.0,68120.0,67600.0,67670.0,53302
203,20230926,202310,67660.0,67860.0,67250.0,67270.0,47498
204,20230927,202310,67280.0,67500.0,67180.0,67370.0,34451
205,20230928,202310,67350.0,67520.0,67160.0,67460.0,22916
206,20230929,202310,,,,,0
207,20230930,202310,,,,,0
208,20231001,202310,,,,,0
209,20231002,202310,,,,,0
210,20231003,202310,,,,,0
211,20231004,202310,,,,,0
212,20231005,202310,,,,,0
213,20231006,202310,,,,,0
214,20231007,202310,,,,,0
215,20231008,202310,,,,,0
216,20231009,202310,67240.0,67550.0,67160.0,67280.0,32857
217,20231010,202310,67280.0,67370.0,66300.0,66650.0,26405
218,20231011,202310,66680.0,66980.0,66640.0,66650.0,22795
219,20231012,202310,66660.0,66990.0,66350.0,66370.0,15230
220,20231013,202310,66370.0,66520.0,65900.0,66060.0,8100
221,20231014,202310,66100.0,66100.0,66080.0,66080.0,25
222,20231015,202310,,,,,0
223,20231016,202310,66150.0,66570.0,66150.0,66520.0,2755
224,20230707,202311,66920.0,67250.0,66860.0,67150.0,1858
225,20230708,202311,67160.0,67220.0,67130.0,67220.0,32
226,20230709,202311,,,,,0
227,20230710,202311,67170.0,67400.0,66920.0,67260.0,3468
228,20230711,202311,67260.0,67600.0,66950.0,67040.0,3792
229,20230712,202311,67050.0,68120.0,67010.0,67960.0,3496
230,20230713,202311,67950.0,69120.0,67810.0,68930.0,3542
231,20230714,202311,68960.0,69070.0,68590.0,68740.0,4054
232,20230715,202311,68750.0,68850.0,68720.0,68840.0,228
233,20230716,202311,,,,,0
234,20230717,202311,68730.0,68770.0,67570.0,67920.0,4767
235,20230718,202311,67880.0,68100.0,67690.0,67950.0,2658
236,20230719,202311,67960.0,68200.0,67790.0,67960.0,6743
237,20230720,202311,67980.0,68430.0,67830.0,68080.0,6948
238,20230721,202311,68070.0,68300.0,67760.0,67850.0,5059
239,20230722,202311,67840.0,67900.0,67830.0,67880.0,111
240,20230723,202311,,,,,0
241,20230724,202311,67900.0,68400.0,67740.0,68380.0,3718
242,20230725,202311,68390.0,69090.0,68260.0,68990.0,5894
243,20230726,202311,68940.0,69000.0,68580.0,68830.0,6243
244,20230727,202311,68840.0,69220.0,68400.0,68610.0,7406
245,20230728,202311,68600.0,69090.0,68400.0,69090.0,7870
246,20230729,202311,69090.0,69180.0,69040.0,69160.0,447
247,20230730,202311,,,,,0
248,20230731,202311,69160.0,70180.0,68990.0,70090.0,17078
249,20230801,202311,70090.0,70510.0,69230.0,69280.0,12185
250,20230802,202311,69280.0,69440.0,68350.0,68440.0,8507
251,20230803,202311,68430.0,68920.0,68390.0,68840.0,7728
252,20230804,202311,68860.0,69230.0,68360.0,68720.0,11421
253,20230805,202311,68720.0,68720.0,68620.0,68620.0,192
254,20230806,202311,,,,,0
255,20230807,202311,68590.0,68820.0,68310.0,68330.0,8726
256,20230808,202311,68320.0,68620.0,67400.0,67710.0,13183
257,20230809,202311,67700.0,68310.0,67700.0,67980.0,11772
258,20230810,202311,67970.0,68430.0,67910.0,68000.0,8974
259,20230811,202311,68000.0,68030.0,67470.0,67620.0,10016
260,20230812,202311,67620.0,67680.0,67610.0,67650.0,295
261,20230813,202311,,,,,0
262,20230814,202311,67600.0,67770.0,67410.0,67730.0,8360
263,20230815,202311,67730.0,68220.0,67330.0,67400.0,15254
264,20230816,202311,67410.0,67610.0,67050.0,67350.0,18750
265,20230817,202311,67360.0,68030.0,67070.0,67670.0,20592
266,20230818,202311,67670.0,67900.0,67440.0,67680.0,12645
267,20230819,202311,67660.0,67750.0,67650.0,67670.0,662
268,20230820,202311,,,,,0
269,20230821,202311,67850.0,68190.0,67850.0,68010.0,17631
270,20230822,202311,68000.0,68660.0,67960.0,68550.0,18454
271,20230823,202311,68560.0,69030.0,68530.0,68980.0,20876
272,20230824,202311,68980.0,69100.0,68470.0,68490.0,25438
273,20230825,202311,68480.0,68770.0,68360.0,68470.0,16871
274,20230826,202311,68480.0,68540.0,68450.0,68480.0,312
275,20230827,202311,,,,,0
276,20230828,202311,68660.0,69130.0,68450.0,68710.0,26577
277,20230829,202311,68700.0,69210.0,68640.0,69180.0,31742
278,20230830,202311,69170.0,69400.0,68980.0,69370.0,28790
279,20230831,202311,69370.0,69400.0,68880.0,68970.0,28308
280,20230901,202311,68980.0,69960.0,68930.0,69410.0,47870
281,20230902,202311,69400.0,69420.0,69250.0,69250.0,1012
282,20230903,202311,,,,,0
283,20230904,202311,69350.0,69520.0,68890.0,69100.0,25832
284,20230905,202311,69110.0,69510.0,68800.0,69470.0,32930
285,20230906,202311,69470.0,69520.0,68820.0,68860.0,31114
286,20230907,202311,68850.0,69000.0,68550.0,68750.0,35514
287,20230908,202311,68760.0,68770.0,68210.0,68340.0,31226
288,20230909,202311,68340.0,68400.0,68300.0,68400.0,774
289,20230910,202311,,,,,0
290,20230911,202311,68410.0,69270.0,68400.0,69150.0,38381
291,20230912,202311,69150.0,69240.0,68810.0,69000.0,29468
292,20230913,202311,69010.0,69170.0,68800.0,69070.0,32469
293,20230914,202311,69060.0,69430.0,68840.0,69300.0,39116
294,20230915,202311,69310.0,69750.0,69030.0,69080.0,59074
295,20230916,202311,69080.0,69130.0,69070.0,69080.0,855
296,20230917,202311,,,,,0
297,20230918,202311,69100.0,69290.0,68740.0,68860.0,41176
298,20230919,202311,68870.0,68990.0,68420.0,68440.0,56032
299,20230920,202311,68450.0,68950.0,68440.0,68740.0,45502
300,20230921,202311,68750.0,68800.0,67330.0,67780.0,95254
301,20230922,202311,67780.0,68170.0,67720.0,67880.0,66169
302,20230923,202311,67880.0,67890.0,67770.0,67850.0,2977
303,20230924,202311,,,,,0
304,20230925,202311,67850.0,67940.0,67410.0,67500.0,69807
305,20230926,202311,67490.0,67700.0,67050.0,67080.0,81706
306,20230927,202311,67080.0,67350.0,66980.0,67240.0,61584
307,20230928,202311,67240.0,67380.0,67000.0,67240.0,43115
308,20230929,202311,,,,,0
309,20230930,202311,,,,,0
310,20231001,202311,,,,,0
311,20231002,202311,,,,,0
312,20231003,202311,,,,,0
313,20231004,202311,,,,,0
314,20231005,202311,,,,,0
315,20231006,202311,,,,,0
316,20231007,202311,,,,,0
317,20231008,202311,,,,,0
318,20231009,202311,67130.0,67470.0,67030.0,67170.0,83897
319,20231010,202311,67170.0,67300.0,66190.0,66590.0,102125
320,20231011,202311,66600.0,66950.0,66550.0,66580.0,78951
321,20231012,202311,66580.0,66980.0,66310.0,66410.0,71318
322,20231013,202311,66420.0,66530.0,65890.0,66130.0,80483
323,20231014,202311,66130.0,66200.0,66080.0,66180.0,1657
324,20231015,202311,,,,,0
325,20231016,202311,66180.0,66650.0,66180.0,66250.0,59881
326,20231017,202311,66250.0,66450.0,65850.0,66360.0,78429
327,20231018,202311,66360.0,66890.0,66310.0,66480.0,64306
328,20231019,202311,66480.0,66710.0,66220.0,66600.0,51412
329,20231020,202311,66610.0,66760.0,66090.0,66300.0,59974
330,20231021,202311,66290.0,66320.0,66230.0,66310.0,1895
331,20231022,202311,,,,,0
332,20231023,202311,66230.0,66380.0,65790.0,66370.0,55856
333,20231024,202311,66360.0,67020.0,66190.0,66950.0,53566
334,20231025,202311,66960.0,67180.0,66690.0,66810.0,37175
335,20231026,202311,66810.0,66830.0,66500.0,66600.0,31562
336,20231027,202311,66610.0,67460.0,66500.0,67360.0,41696
337,20231028,202311,67370.0,67380.0,67220.0,67330.0,316
338,20231029,202311,,,,,0
339,20231030,202311,67340.0,67940.0,67250.0,67560.0,32250
340,20231031,202311,67570.0,67570.0,67260.0,67330.0,21418
341,20231101,202311,67440.0,67790.0,67230.0,67490.0,15883
342,20231102,202311,67520.0,67730.0,67400.0,67590.0,14380
343,20231103,202311,67590.0,67930.0,67440.0,67590.0,17775
344,20231104,202311,67580.0,67580.0,67470.0,67510.0,235
345,20231105,202311,,,,,0
346,20231106,202311,67460.0,67900.0,67390.0,67770.0,16490
347,20231107,202311,67730.0,67820.0,67300.0,67470.0,17975
348,20231108,202311,67530.0,67730.0,67420.0,67420.0,17035
349,20231109,202311,67450.0,67670.0,67340.0,67670.0,16535
350,20231110,202311,67680.0,67690.0,67000.0,67080.0,20355
351,20231111,202311,67100.0,67120.0,67070.0,67080.0,80
352,20231112,202311,,,,,0
353,20231113,202311,67210.0,67690.0,67200.0,67630.0,13865
354,20231114,202311,67690.0,68250.0,67670.0,68150.0,13390
355,20231115,202311,68120.0,68680.0,67930.0,68500.0,4800
356,20230707,202312,66780.0,67090.0,66690.0,67000.0,965
357,20230708,202312,67010.0,67070.0,66980.0,67000.0,39
358,20230709,202312,,,,,0
359,20230710,202312,67000.0,67230.0,66780.0,67110.0,1415
360,20230711,202312,67100.0,67480.0,66810.0,66920.0,3027
361,20230712,202312,66900.0,67960.0,66880.0,67830.0,2272
362,20230713,202312,67810.0,68990.0,67700.0,68810.0,2352
363,20230714,202312,68840.0,68930.0,68440.0,68600.0,3464
364,20230715,202312,68630.0,68720.0,68630.0,68720.0,63
365,20230716,202312,,,,,0
366,20230717,202312,68650.0,68650.0,67450.0,67760.0,2794
367,20230718,202312,67760.0,67960.0,67540.0,67850.0,4322
368,20230719,202312,67870.0,68080.0,67680.0,67880.0,3438
369,20230720,202312,67870.0,68320.0,67720.0,67960.0,5010
370,20230721,202312,67970.0,68180.0,67640.0,67720.0,3528
371,20230722,202312,67710.0,67780.0,67700.0,67780.0,29
372,20230723,202312,,,,,0
373,20230724,202312,67810.0,68290.0,67610.0,68260.0,3954
374,20230725,202312,68230.0,68980.0,68140.0,68830.0,5171
375,20230726,202312,68830.0,68900.0,68500.0,68750.0,4882
376,20230727,202312,68770.0,69110.0,68330.0,68470.0,3285
377,20230728,202312,68500.0,68990.0,68250.0,68990.0,3322
378,20230729,202312,68990.0,69060.0,68950.0,69050.0,332
379,20230730,202312,,,,,0
380,20230731,202312,69080.0,70030.0,68840.0,69940.0,9625
381,20230801,202312,69940.0,70340.0,69080.0,69130.0,9537
382,20230802,202312,69130.0,69300.0,68220.0,68290.0,5289
383,20230803,202312,68280.0,68780.0,68230.0,68700.0,4627
384,20230804,202312,68710.0,69090.0,68190.0,68580.0,6506
385,20230805,202312,68560.0,68570.0,68460.0,68460.0,107
386,20230806,202312,,,,,0
387,20230807,202312,68410.0,68660.0,68140.0,68160.0,3954
388,20230808,202312,68160.0,68480.0,67200.0,67540.0,6461
389,20230809,202312,67540.0,68160.0,67540.0,67830.0,4203
390,20230810,202312,67850.0,68270.0,67750.0,67850.0,4027
391,20230811,202312,67820.0,67870.0,67330.0,67450.0,5215
392,20230812,202312,67460.0,67540.0,67450.0,67510.0,150
393,20230813,202312,,,,,0
394,20230814,202312,67490.0,67620.0,67260.0,67580.0,3489
395,20230815,202312,67580.0,68040.0,67170.0,67210.0,6856
396,20230816,202312,67200.0,67400.0,66860.0,67150.0,8422
397,20230817,202312,67160.0,67840.0,66900.0,67500.0,6870
398,20230818,202312,67470.0,68500.0,67250.0,67440.0,5111
399,20230819,202312,67460.0,67550.0,67450.0,67450.0,153
400,20230820,202312,,,,,0
401,20230821,202312,67620.0,68000.0,67620.0,67820.0,5424
402,20230822,202312,67830.0,68470.0,67780.0,68390.0,8703
403,20230823,202312,68380.0,68850.0,68350.0,68800.0,8448
404,20230824,202312,68810.0,68900.0,68210.0,68290.0,7747
405,20230825,202312,68300.0,68570.0,68150.0,68250.0,8058
406,20230826,202312,68280.0,68340.0,68240.0,68280.0,193
407,20230827,202312,,,,,0
408,20230828,202312,68410.0,68900.0,68250.0,68480.0,8081
409,20230829,202312,68490.0,68990.0,68430.0,68940.0,11487
410,20230830,202312,68960.0,69170.0,68760.0,69150.0,10288
411,20230831,202312,69140.0,69180.0,68640.0,68750.0,8725
412,20230901,202312,68750.0,69790.0,68700.0,69180.0,11575
413,20230902,202312,69160.0,69180.0,69050.0,69130.0,453
414,20230903,202312,,,,,0
415,20230904,202312,69160.0,69310.0,68680.0,68880.0,8013
416,20230905,202312,68900.0,69340.0,68640.0,69300.0,15060
417,20230906,202312,69300.0,69350.0,68630.0,68660.0,12051
418,20230907,202312,68650.0,68820.0,68360.0,68580.0,15358
419,20230908,202312,68580.0,68590.0,68030.0,68180.0,13286
420,20230909,202312,68180.0,68210.0,68140.0,68140.0,274
421,20230910,202312,,,,,0
422,20230911,202312,68210.0,69110.0,68190.0,68990.0,14035
423,20230912,202312,68990.0,69070.0,68650.0,68860.0,10871
424,20230913,202312,68870.0,69020.0,68610.0,68910.0,10256
425,20230914,202312,68900.0,69300.0,68670.0,69160.0,11879
426,20230915,202312,69160.0,69590.0,68890.0,68920.0,21095
427,20230916,202312,68920.0,68960.0,68910.0,68930.0,224
428,20230917,202312,,,,,0
429,20230918,202312,68960.0,69150.0,68620.0,68750.0,12796
430,20230919,202312,68720.0,68850.0,68300.0,68330.0,17358
431,20230920,202312,68320.0,68810.0,68300.0,68620.0,15293
432,20230921,202312,68620.0,68680.0,67220.0,67660.0,31350
433,20230922,202312,67670.0,68070.0,67600.0,67790.0,21637
434,20230923,202312,67770.0,67770.0,67650.0,67720.0,637
435,20230924,202312,,,,,0
436,20230925,202312,67730.0,67820.0,67330.0,67420.0,17982
437,20230926,202312,67420.0,67630.0,66940.0,66970.0,22618
438,20230927,202312,66970.0,67260.0,66900.0,67140.0,23876
439,20230928,202312,67140.0,67300.0,66920.0,67150.0,14878
440,20230929,202312,,,,,0
441,20230930,202312,,,,,0
442,20231001,202312,,,,,0
443,20231002,202312,,,,,0
444,20231003,202312,,,,,0
445,20231004,202312,,,,,0
446,20231005,202312,,,,,0
447,20231006,202312,,,,,0
448,20231007,202312,,,,,0
449,20231008,202312,,,,,0
450,20231009,202312,67130.0,67370.0,66920.0,67050.0,33616
451,20231010,202312,67060.0,67170.0,65950.0,66410.0,53695
452,20231011,202312,66440.0,66790.0,66390.0,66420.0,38026
453,20231012,202312,66430.0,66850.0,66180.0,66290.0,43409
454,20231013,202312,66300.0,66460.0,65830.0,66040.0,52328
455,20231014,202312,66050.0,66110.0,66000.0,66100.0,1566
456,20231015,202312,,,,,0
457,20231016,202312,66180.0,66580.0,66120.0,66180.0,37941
458,20231017,202312,66180.0,66370.0,65770.0,66270.0,60945
459,20231018,202312,66280.0,66830.0,66240.0,66420.0,53713
460,20231019,202312,66410.0,66650.0,66150.0,66530.0,47781
461,20231020,202312,66540.0,66680.0,65970.0,66180.0,64849
462,20231021,202312,66170.0,66230.0,66090.0,66230.0,2658
463,20231022,202312,,,,,0
464,20231023,202312,66090.0,66260.0,65610.0,66250.0,86120
465,20231024,202312,66240.0,66930.0,66070.0,66850.0,97955
466,20231025,202312,66860.0,67100.0,66590.0,66720.0,73154
467,20231026,202312,66720.0,66750.0,66380.0,66520.0,60666
468,20231027,202312,66510.0,67350.0,66390.0,67260.0,83354
469,20231028,202312,67260.0,67270.0,67100.0,67210.0,2304
470,20231029,202312,,,,,0
471,20231030,202312,67240.0,67830.0,67130.0,67450.0,70329
472,20231031,202312,67440.0,67480.0,67120.0,67330.0,62704
473,20231101,202312,67330.0,67700.0,67080.0,67460.0,60559
474,20231102,202312,67460.0,67660.0,67310.0,67530.0,49604
475,20231103,202312,67540.0,67880.0,67310.0,67470.0,73293
476,20231104,202312,67480.0,67500.0,67350.0,67360.0,3666
477,20231105,202312,,,,,0
478,20231106,202312,67350.0,67830.0,67250.0,67670.0,52012
479,20231107,202312,67680.0,67730.0,67100.0,67350.0,57099
480,20231108,202312,67340.0,67550.0,67150.0,67150.0,50928
481,20231109,202312,67160.0,67440.0,66980.0,67420.0,67521
482,20231110,202312,67410.0,67450.0,66720.0,66770.0,66125
483,20231111,202312,66760.0,66840.0,66750.0,66810.0,2810
484,20231112,202312,,,,,0
485,20231113,202312,66810.0,67480.0,66810.0,67440.0,61239
486,20231114,202312,67430.0,67910.0,67380.0,67790.0,65217
487,20231115,202312,67780.0,67940.0,67530.0,67910.0,54890
488,20231116,202312,67920.0,68020.0,67600.0,67670.0,54760
489,20231117,202312,67670.0,67980.0,67500.0,67850.0,59148
490,20231118,202312,67840.0,67880.0,67790.0,67860.0,1487
491,20231119,202312,,,,,0
492,20231120,202312,67860.0,68270.0,67860.0,68250.0,56347
493,20231121,202312,68260.0,68550.0,68030.0,68300.0,55591
494,20231122,202312,68300.0,68390.0,67800.0,67850.0,45413
495,20231123,202312,67860.0,68280.0,67820.0,68260.0,32234
496,20231124,202312,68260.0,68320.0,67980.0,68230.0,32344
497,20231125,202312,68230.0,68350.0,68210.0,68230.0,612
498,20231126,202312,,,,,0
499,20231127,202312,68210.0,68410.0,68000.0,68010.0,28421
500,20231128,202312,68010.0,68580.0,67920.0,68490.0,32735
501,20231129,202312,68480.0,68560.0,68220.0,68360.0,25443
502,20231130,202312,68340.0,68570.0,68180.0,68570.0,20950
503,20231201,202312,68570.0,69250.0,68560.0,69250.0,20639
504,20231202,202312,69250.0,69420.0,69250.0,69320.0,590
505,20231203,202312,,,,,0
506,20231204,202312,69320.0,69350.0,68650.0,68650.0,18010
507,20231205,202312,68650.0,68710.0,68000.0,68090.0,23005
508,20231206,202312,68110.0,68590.0,68000.0,68220.0,18475
509,20231207,202312,68200.0,68220.0,67720.0,68020.0,22510
510,20231208,202312,68000.0,69050.0,68000.0,69010.0,19070
511,20231209,202312,69040.0,69040.0,68980.0,68980.0,135
512,20231210,202312,,,,,0
513,20231211,202312,68850.0,68850.0,68200.0,68280.0,17540
514,20231212,202312,68290.0,68530.0,68150.0,68330.0,19545
515,20231213,202312,68350.0,68430.0,68210.0,68360.0,14495
516,20231214,202312,68290.0,69240.0,68290.0,69220.0,11520
517,20231215,202312,69010.0,69020.0,68690.0,68740.0,4830
518,20230707,202401,66690.0,66980.0,66600.0,66900.0,139
519,20230708,202401,66900.0,66950.0,66900.0,66950.0,5
520,20230709,202401,,,,,0
521,20230710,202401,66910.0,67130.0,66670.0,67050.0,527
522,20230711,202401,67060.0,67390.0,66740.0,66870.0,504
523,20230712,202401,66820.0,67860.0,66000.0,67790.0,528
524,20230713,202401,67760.0,68900.0,67580.0,68770.0,406
525,20230714,202401,68760.0,68850.0,68310.0,68500.0,516
526,20230715,202401,68550.0,68600.0,68550.0,68600.0,2
527,20230716,202401,,,,,0
528,20230717,202401,68550.0,68550.0,67400.0,67730.0,832
529,20230718,202401,67800.0,67880.0,67390.0,67740.0,296
530,20230719,202401,67800.0,68000.0,67600.0,67760.0,435
531,20230720,202401,67800.0,68250.0,67650.0,67860.0,308
532,20230721,202401,67740.0,68080.0,67590.0,67670.0,1426
533,20230722,202401,67670.0,67680.0,67640.0,67640.0,6
534,20230723,202401,,,,,0
535,20230724,202401,67710.0,68230.0,67590.0,68100.0,702
536,20230725,202401,68210.0,68910.0,68070.0,68800.0,687
537,20230726,202401,68790.0,68820.0,68450.0,68720.0,1051
538,20230727,202401,68700.0,69060.0,68270.0,68450.0,634
539,20230728,202401,68420.0,68890.0,68220.0,68890.0,840
540,20230729,202401,68900.0,68990.0,68880.0,68950.0,126
541,20230730,202401,,,,,0
542,20230731,202401,68990.0,69920.0,68790.0,69840.0,2035
543,20230801,202401,69810.0,70220.0,69000.0,69050.0,1360
544,20230802,202401,69000.0,69200.0,68120.0,68220.0,1205
545,20230803,202401,68190.0,68660.0,68170.0,68630.0,1025
546,20230804,202401,68600.0,68980.0,68110.0,68490.0,1618
547,20230805,202401,68490.0,68490.0,68380.0,68440.0,24
548,20230806,202401,,,,,0
549,20230807,202401,68350.0,68550.0,68060.0,68070.0,1119
550,20230808,202401,68050.0,68370.0,67140.0,67440.0,1636
551,20230809,202401,67520.0,68060.0,67480.0,67720.0,1218
552,20230810,202401,67750.0,68170.0,67640.0,67770.0,1033
553,20230811,202401,67740.0,67880.0,67240.0,67350.0,1591
554,20230812,202401,67400.0,67470.0,67350.0,67470.0,52
555,20230813,202401,,,,,0
556,20230814,202401,67380.0,67500.0,67180.0,67460.0,3202
557,20230815,202401,67470.0,67960.0,67090.0,67120.0,2261
558,20230816,202401,67130.0,67300.0,66750.0,67050.0,4266
559,20230817,202401,67070.0,67710.0,66800.0,67360.0,2018
560,20230818,202401,67370.0,67600.0,67130.0,67310.0,2015
561,20230819,202401,67360.0,67420.0,67330.0,67340.0,27
562,20230820,202401,,,,,0
563,20230821,202401,67580.0,67850.0,67530.0,67690.0,1364
564,20230822,202401,67690.0,68340.0,67680.0,68260.0,1863
565,20230823,202401,68260.0,68700.0,68210.0,68650.0,1970
566,20230824,202401,68650.0,68760.0,68140.0,68190.0,1387
567,20230825,202401,68190.0,68440.0,68030.0,68120.0,1920
568,20230826,202401,68160.0,68170.0,68100.0,68150.0,14
569,20230827,202401,,,,,0
570,20230828,202401,68310.0,68740.0,68110.0,68320.0,3517
571,20230829,202401,68310.0,68830.0,68290.0,68800.0,2078
572,20230830,202401,68810.0,69030.0,68630.0,69000.0,1699
573,20230831,202401,68980.0,69050.0,68480.0,68590.0,1854
574,20230901,202401,68610.0,69520.0,68560.0,69080.0,3144
575,20230902,202401,69010.0,69030.0,68910.0,69000.0,89
576,20230903,202401,,,,,0
577,20230904,202401,69040.0,69130.0,68500.0,68700.0,1934
578,20230905,202401,68720.0,69180.0,68480.0,69130.0,3618
579,20230906,202401,69150.0,69210.0,68500.0,68530.0,1848
580,20230907,202401,68520.0,68660.0,68220.0,68380.0,2360
581,20230908,202401,68410.0,68430.0,67910.0,68060.0,2882
582,20230909,202401,68070.0,68080.0,68010.0,68020.0,37
583,20230910,202401,,,,,0
584,20230911,202401,68070.0,68970.0,68070.0,68850.0,2898
585,20230912,202401,68870.0,68920.0,68530.0,68720.0,2478
586,20230913,202401,68750.0,68890.0,68510.0,68780.0,3714
587,20230914,202401,68780.0,69180.0,68570.0,69000.0,3349
588,20230915,202401,69030.0,69460.0,68760.0,68820.0,4291
589,20230916,202401,68830.0,68860.0,68810.0,68840.0,44
590,20230917,202401,,,,,0
591,20230918,202401,68870.0,69040.0,68520.0,68610.0,3490
592,20230919,202401,68650.0,68730.0,68210.0,68240.0,4870
593,20230920,202401,68250.0,68720.0,68220.0,68530.0,5718
594,20230921,202401,68550.0,68610.0,66700.0,67570.0,9108
595,20230922,202401,67570.0,68040.0,67520.0,67740.0,7553
596,20230923,202401,67740.0,67740.0,67610.0,67680.0,208
597,20230924,202401,,,,,0
598,20230925,202401,67700.0,67770.0,67310.0,67370.0,5899
599,20230926,202401,67400.0,67590.0,66880.0,66930.0,10526
600,20230927,202401,66930.0,67200.0,66840.0,67060.0,7741
601,20230928,202401,67070.0,67230.0,66870.0,67060.0,5817
602,20230929,202401,,,,,0
603,20230930,202401,,,,,0
604,20231001,202401,,,,,0
605,20231002,202401,,,,,0
606,20231003,202401,,,,,0
607,20231004,202401,,,,,0
608,20231005,202401,,,,,0
609,20231006,202401,,,,,0
610,20231007,202401,,,,,0
611,20231008,202401,,,,,0
612,20231009,202401,66980.0,67280.0,66830.0,66960.0,13829
613,20231010,202401,66950.0,67060.0,65940.0,66310.0,16341
614,20231011,202401,66310.0,66680.0,66290.0,66320.0,10841
615,20231012,202401,66310.0,66760.0,66100.0,66210.0,12324
616,20231013,202401,66210.0,66400.0,65800.0,65990.0,14778
617,20231014,202401,66000.0,66050.0,65950.0,66020.0,194
618,20231015,202401,,,,,0
619,20231016,202401,66060.0,66500.0,66060.0,66130.0,11326
620,20231017,202401,66140.0,66320.0,65730.0,66230.0,21966
621,20231018,202401,66220.0,66780.0,66200.0,66360.0,14032
622,20231019,202401,66360.0,66580.0,66110.0,66490.0,12651
623,20231020,202401,66470.0,66630.0,65930.0,66110.0,14387
624,20231021,202401,66110.0,66150.0,66040.0,66150.0,442
625,20231022,202401,,,,,0
626,20231023,202401,66070.0,66160.0,65530.0,66150.0,17736
627,20231024,202401,66150.0,66840.0,65980.0,66760.0,23006
628,20231025,202401,66750.0,67000.0,66500.0,66630.0,16587
629,20231026,202401,66600.0,66640.0,66310.0,66400.0,16774
630,20231027,202401,66410.0,67260.0,66310.0,67170.0,23896
631,20231028,202401,67160.0,67170.0,67020.0,67140.0,825
632,20231029,202401,,,,,0
633,20231030,202401,67180.0,67730.0,67030.0,67350.0,29736
634,20231031,202401,67350.0,67380.0,67010.0,67200.0,24504
635,20231101,202401,67210.0,67590.0,66950.0,67360.0,30044
636,20231102,202401,67340.0,67560.0,67200.0,67430.0,22291
637,20231103,202401,67440.0,67800.0,67250.0,67410.0,35863
638,20231104,202401,67410.0,67430.0,67270.0,67300.0,1898
639,20231105,202401,,,,,0
640,20231106,202401,67280.0,67770.0,67200.0,67610.0,25081
641,20231107,202401,67600.0,67660.0,67000.0,67250.0,29781
642,20231108,202401,67260.0,67430.0,67020.0,67020.0,27379
643,20231109,202401,67020.0,67280.0,66830.0,67270.0,38563
644,20231110,202401,67270.0,67300.0,66530.0,66580.0,39232
645,20231111,202401,66570.0,66650.0,66560.0,66620.0,1945
646,20231112,202401,,,,,0
647,20231113,202401,66650.0,67310.0,66630.0,67290.0,36662
648,20231114,202401,67280.0,67730.0,67200.0,67610.0,37554
649,20231115,202401,67610.0,67750.0,67370.0,67740.0,34669
650,20231116,202401,67740.0,67860.0,67440.0,67500.0,42610
651,20231117,202401,67500.0,67720.0,67350.0,67550.0,46706
652,20231118,202401,67550.0,67590.0,67500.0,67580.0,995
653,20231119,202401,,,,,0
654,20231120,202401,67610.0,68060.0,67590.0,68050.0,49737
655,20231121,202401,68050.0,68350.0,67880.0,68140.0,71519
656,20231122,202401,68140.0,68230.0,67550.0,67620.0,67268
657,20231123,202401,67620.0,68100.0,67590.0,68090.0,53317
658,20231124,202401,68090.0,68130.0,67730.0,68010.0,48021
659,20231125,202401,68020.0,68110.0,67970.0,68010.0,2811
660,20231126,202401,,,,,0
661,20231127,202401,68030.0,68190.0,67750.0,67770.0,59139
662,20231128,202401,67760.0,68390.0,67650.0,68290.0,84382
663,20231129,202401,68290.0,68360.0,68000.0,68110.0,58327
664,20231130,202401,68120.0,68330.0,67900.0,68320.0,71654
665,20231201,202401,68320.0,68960.0,68210.0,68940.0,80183
666,20231202,202401,68950.0,69150.0,68880.0,68990.0,6740
667,20231203,202401,,,,,0
668,20231204,202401,69000.0,69070.0,68270.0,68270.0,62286
669,20231205,202401,68270.0,68290.0,67500.0,67620.0,80312
670,20231206,202401,67620.0,68190.0,67490.0,67770.0,54808
671,20231207,202401,67780.0,67790.0,67200.0,67500.0,71106
672,20231208,202401,67500.0,68800.0,67490.0,68760.0,69600
673,20231209,202401,68760.0,68770.0,68540.0,68540.0,2942
674,20231210,202401,,,,,0
675,20231211,202401,68540.0,68550.0,67800.0,67990.0,62535
676,20231212,202401,67990.0,68180.0,67740.0,68020.0,53167
677,20231213,202401,68010.0,68090.0,67690.0,67790.0,46177
678,20231214,202401,67790.0,68870.0,67720.0,68700.0,75380
679,20231215,202401,68700.0,68800.0,68330.0,68690.0,57530
680,20231216,202401,68680.0,68750.0,68600.0,68670.0,2465
681,20231217,202401,,,,,0
682,20231218,202401,68620.0,68720.0,68410.0,68430.0,42299
683,20231219,202401,68430.0,69260.0,68350.0,69030.0,56110
684,20231220,202401,69030.0,69100.0,68680.0,68840.0,48510
685,20231221,202401,68830.0,69090.0,68730.0,68940.0,41494
686,20231222,202401,68920.0,69290.0,68890.0,69060.0,40686
687,20231223,202401,69050.0,69120.0,68970.0,69100.0,1096
688,20231224,202401,,,,,0
689,20231225,202401,69070.0,69230.0,68990.0,69150.0,21134
690,20231226,202401,69150.0,69410.0,69050.0,69110.0,27981
691,20231227,202401,69100.0,69870.0,69030.0,69670.0,25128
692,20231228,202401,69670.0,69750.0,69050.0,69110.0,30681
693,20231229,202401,69130.0,69230.0,68960.0,69230.0,20450
694,20230707,202402,66620.0,66920.0,66550.0,66920.0,63
695,20230708,202402,,,,,0
696,20230709,202402,,,,,0
697,20230710,202402,66930.0,67060.0,66600.0,66950.0,49
698,20230711,202402,67150.0,67300.0,66700.0,66770.0,120
699,20230712,202402,66870.0,67800.0,66800.0,67800.0,131
700,20230713,202402,67610.0,68810.0,67550.0,68730.0,89
701,20230714,202402,68690.0,68750.0,68310.0,68580.0,65
702,20230715,202402,68550.0,68550.0,68550.0,68550.0,1
703,20230716,202402,,,,,0
704,20230717,202402,68420.0,68500.0,67370.0,67700.0,136
705,20230718,202402,67680.0,67830.0,67430.0,67530.0,21
706,20230719,202402,67760.0,67850.0,67560.0,67760.0,66
707,20230720,202402,67890.0,68180.0,67630.0,67800.0,90
708,20230721,202402,67710.0,68080.0,67570.0,67620.0,99
709,20230722,202402,,,,,0
710,20230723,202402,,,,,0
711,20230724,202402,67660.0,68130.0,67560.0,68130.0,540
712,20230725,202402,68120.0,68840.0,68040.0,68800.0,84
713,20230726,202402,68710.0,68720.0,68410.0,68670.0,472
714,20230727,202402,68600.0,68990.0,68240.0,68290.0,243
715,20230728,202402,68380.0,68850.0,68180.0,68850.0,643
716,20230729,202402,68850.0,68950.0,68850.0,68950.0,15
717,20230730,202402,,,,,0
718,20230731,202402,68960.0,69840.0,68750.0,69750.0,772
719,20230801,202402,69710.0,70120.0,69000.0,69000.0,132
720,20230802,202402,68950.0,69110.0,68050.0,68150.0,194
721,20230803,202402,68120.0,68590.0,68120.0,68530.0,173
722,20230804,202402,68580.0,68900.0,68050.0,68310.0,166
723,20230805,202402,68380.0,68380.0,68380.0,68380.0,1
724,20230806,202402,,,,,0
725,20230807,202402,68310.0,68640.0,68020.0,68020.0,350
726,20230808,202402,68160.0,68280.0,67130.0,67400.0,257
727,20230809,202402,67380.0,67920.0,67380.0,67700.0,92
728,20230810,202402,67690.0,68090.0,67590.0,67730.0,89
729,20230811,202402,67660.0,67700.0,67200.0,67340.0,219
730,20230812,202402,,,,,0
731,20230813,202402,,,,,0
732,20230814,202402,67470.0,67470.0,67130.0,67440.0,310
733,20230815,202402,67430.0,67850.0,67050.0,67080.0,274
734,20230816,202402,67110.0,67240.0,66710.0,67050.0,663
735,20230817,202402,66900.0,67640.0,66740.0,67300.0,309
736,20230818,202402,67400.0,67520.0,63370.0,67200.0,728
737,20230819,202402,67320.0,67320.0,67310.0,67310.0,2
738,20230820,202402,,,,,0
739,20230821,202402,67350.0,67760.0,67350.0,67630.0,303
740,20230822,202402,67680.0,68260.0,67640.0,68190.0,552
741,20230823,202402,68190.0,68610.0,68150.0,68550.0,500
742,20230824,202402,68590.0,68660.0,68070.0,68080.0,447
743,20230825,202402,68080.0,68310.0,67950.0,68110.0,340
744,20230826,202402,68080.0,68130.0,68030.0,68130.0,10
745,20230827,202402,,,,,0
746,20230828,202402,68130.0,68570.0,68010.0,68200.0,360
747,20230829,202402,68230.0,68720.0,68210.0,68700.0,621
748,20230830,202402,68720.0,68870.0,68530.0,68870.0,364
749,20230831,202402,68850.0,68910.0,68400.0,68530.0,677
750,20230901,202402,68530.0,69420.0,68480.0,68990.0,1026
751,20230902,202402,68920.0,68950.0,68810.0,68810.0,31
752,20230903,202402,,,,,0
753,20230904,202402,68930.0,68990.0,68420.0,68620.0,684
754,20230905,202402,68650.0,69060.0,68400.0,69030.0,419
755,20230906,202402,68970.0,68980.0,68420.0,68440.0,430
756,20230907,202402,68420.0,68550.0,68140.0,68310.0,709
757,20230908,202402,68320.0,68320.0,67820.0,67970.0,963
758,20230909,202402,67950.0,68000.0,67900.0,67900.0,468
759,20230910,202402,,,,,0
760,20230911,202402,68000.0,68860.0,68000.0,68740.0,911
761,20230912,202402,68760.0,68860.0,68450.0,68640.0,694
762,20230913,202402,68660.0,68780.0,68430.0,68780.0,565
763,20230914,202402,68690.0,69090.0,68500.0,68960.0,503
764,20230915,202402,69040.0,69390.0,68720.0,68750.0,898
765,20230916,202402,68770.0,68830.0,68750.0,68810.0,16
766,20230917,202402,,,,,0
767,20230918,202402,68810.0,68930.0,68450.0,68520.0,1293
768,20230919,202402,68570.0,68630.0,68160.0,68170.0,1157
769,20230920,202402,68160.0,68650.0,68160.0,68500.0,1192
770,20230921,202402,68500.0,68560.0,67000.0,67550.0,1948
771,20230922,202402,67540.0,68000.0,67500.0,67750.0,1259
772,20230923,202402,67690.0,67720.0,67600.0,67620.0,31
773,20230924,202402,,,,,0
774,20230925,202402,67720.0,67760.0,67320.0,67370.0,1382
775,20230926,202402,67400.0,67580.0,66900.0,66900.0,3089
776,20230927,202402,66910.0,67160.0,66800.0,67060.0,2064
777,20230928,202402,66980.0,67190.0,66850.0,67070.0,1588
778,20230929,202402,,,,,0
779,20230930,202402,,,,,0
780,20231001,202402,,,,,0
781,20231002,202402,,,,,0
782,20231003,202402,,,,,0
783,20231004,202402,,,,,0
784,20231005,202402,,,,,0
785,20231006,202402,,,,,0
786,20231007,202402,,,,,0
787,20231008,202402,,,,,0
788,20231009,202402,67000.0,67220.0,66770.0,66900.0,3415
789,20231010,202402,66890.0,67000.0,65900.0,66230.0,4960
790,20231011,202402,66260.0,66620.0,66230.0,66280.0,3028
791,20231012,202402,66270.0,66700.0,66060.0,66160.0,4251
792,20231013,202402,66140.0,66350.0,65750.0,65950.0,6271
793,20231014,202402,65970.0,66010.0,65930.0,65970.0,90
794,20231015,202402,,,,,0
795,20231016,202402,66030.0,66440.0,66030.0,66110.0,4268
796,20231017,202402,66130.0,66260.0,65650.0,66170.0,4234
797,20231018,202402,66150.0,66740.0,66150.0,66330.0,5831
798,20231019,202402,66300.0,66540.0,66090.0,66440.0,2073
799,20231020,202402,66430.0,66570.0,65920.0,66080.0,4063
800,20231021,202402,66080.0,66150.0,66000.0,66150.0,140
801,20231022,202402,,,,,0
802,20231023,202402,66070.0,66110.0,65510.0,66110.0,5050
803,20231024,202402,66120.0,66810.0,65930.0,66710.0,5614
804,20231025,202402,66710.0,66950.0,66450.0,66570.0,4845
805,20231026,202402,66570.0,66570.0,66270.0,66360.0,6149
806,20231027,202402,66340.0,67210.0,66260.0,67130.0,4888
807,20231028,202402,67120.0,67130.0,66970.0,67120.0,331
808,20231029,202402,,,,,0
809,20231030,202402,67100.0,67720.0,66990.0,67310.0,10058
810,20231031,202402,67330.0,67340.0,66960.0,67170.0,7344
811,20231101,202402,67180.0,67570.0,66930.0,67310.0,7883
812,20231102,202402,67310.0,67540.0,67190.0,67420.0,4894
813,20231103,202402,67420.0,67750.0,67230.0,67380.0,10549
814,20231104,202402,67410.0,67410.0,67260.0,67290.0,596
815,20231105,202402,,,,,0
816,20231106,202402,67230.0,67740.0,67180.0,67580.0,6409
817,20231107,202402,67560.0,67620.0,66940.0,67180.0,8797
818,20231108,202402,67200.0,67370.0,66970.0,66980.0,7004
819,20231109,202402,66960.0,67220.0,66750.0,67190.0,9557
820,20231110,202402,67190.0,67220.0,66420.0,66460.0,11439
821,20231111,202402,66470.0,66540.0,66450.0,66500.0,321
822,20231112,202402,,,,,0
823,20231113,202402,66500.0,67230.0,66500.0,67180.0,9997
824,20231114,202402,67190.0,67630.0,67110.0,67520.0,9968
825,20231115,202402,67520.0,67660.0,67280.0,67660.0,11289
826,20231116,202402,67660.0,67770.0,67340.0,67420.0,9880
827,20231117,202402,67400.0,67590.0,67260.0,67370.0,12772
828,20231118,202402,67350.0,67420.0,67340.0,67400.0,393
829,20231119,202402,,,,,0
830,20231120,202402,67480.0,67900.0,67420.0,67890.0,11847
831,20231121,202402,67890.0,68190.0,67750.0,68000.0,16244
832,20231122,202402,68010.0,68100.0,67410.0,67460.0,15480
833,20231123,202402,67460.0,67970.0,67430.0,67950.0,13784
834,20231124,202402,67950.0,68000.0,67610.0,67870.0,13854
835,20231125,202402,67870.0,67980.0,67850.0,67920.0,1010
836,20231126,202402,,,,,0
837,20231127,202402,67900.0,68060.0,67620.0,67630.0,16928
838,20231128,202402,67620.0,68250.0,67530.0,68180.0,24700
839,20231129,202402,68160.0,68240.0,67900.0,68010.0,21628
840,20231130,202402,68000.0,68180.0,67770.0,68170.0,27612
841,20231201,202402,68170.0,68820.0,68080.0,68810.0,33813
842,20231202,202402,68810.0,69020.0,68740.0,68830.0,3879
843,20231203,202402,,,,,0
844,20231204,202402,68870.0,68950.0,68140.0,68150.0,32389
845,20231205,202402,68130.0,68160.0,67360.0,67470.0,35860
846,20231206,202402,67480.0,68000.0,67310.0,67570.0,31032
847,20231207,202402,67570.0,67580.0,67020.0,67230.0,35677
848,20231208,202402,67230.0,68600.0,67220.0,68570.0,41526
849,20231209,202402,68580.0,68580.0,68330.0,68340.0,1967
850,20231210,202402,,,,,0
851,20231211,202402,68360.0,68360.0,67600.0,67790.0,37828
852,20231212,202402,67790.0,68000.0,67540.0,67810.0,30102
853,20231213,202402,67820.0,67900.0,67470.0,67580.0,25805
854,20231214,202402,67570.0,68720.0,67490.0,68540.0,55000
855,20231215,202402,68530.0,68640.0,68170.0,68550.0,42447
856,20231216,202402,68550.0,68610.0,68450.0,68540.0,2715
857,20231217,202402,,,,,0
858,20231218,202402,68480.0,68580.0,68280.0,68300.0,32279
859,20231219,202402,68290.0,69180.0,68230.0,68930.0,56862
860,20231220,202402,68930.0,69020.0,68610.0,68760.0,63100
861,20231221,202402,68760.0,69100.0,68650.0,68910.0,64513
862,20231222,202402,68910.0,69290.0,68880.0,69010.0,63595
863,20231223,202402,69010.0,69100.0,68920.0,69080.0,4859
864,20231224,202402,,,,,0
865,20231225,202402,69040.0,69140.0,68930.0,69100.0,31437
866,20231226,202402,69100.0,69400.0,68970.0,69040.0,64428
867,20231227,202402,69050.0,69870.0,68980.0,69680.0,62725
868,20231228,202402,69670.0,69750.0,68930.0,69050.0,61415
869,20231229,202402,69050.0,69060.0,68810.0,68920.0,36287
870,20230707,202403,66580.0,66940.0,66470.0,66880.0,84
871,20230708,202403,66840.0,66840.0,66790.0,66790.0,5
872,20230709,202403,,,,,0
873,20230710,202403,66930.0,67050.0,66640.0,66960.0,97
874,20230711,202403,67110.0,67320.0,66680.0,66700.0,174
875,20230712,202403,66780.0,67800.0,66730.0,67690.0,84
876,20230713,202403,67610.0,68800.0,67600.0,68700.0,106
877,20230714,202403,68690.0,68760.0,68320.0,68490.0,425
878,20230715,202403,,,,,0
879,20230716,202403,,,,,0
880,20230717,202403,68450.0,68450.0,67350.0,67570.0,74
881,20230718,202403,67710.0,67860.0,67440.0,67720.0,64
882,20230719,202403,67800.0,67830.0,67560.0,67720.0,85
883,20230720,202403,67830.0,68180.0,67650.0,67820.0,187
884,20230721,202403,67790.0,68030.0,67560.0,67610.0,258
885,20230722,202403,,,,,0
886,20230723,202403,,,,,0
887,20230724,202403,67700.0,68140.0,67510.0,68130.0,144
888,20230725,202403,68300.0,68840.0,67950.0,68720.0,254
889,20230726,202403,68690.0,68690.0,68440.0,68560.0,218
890,20230727,202403,68540.0,68920.0,68200.0,68210.0,64
891,20230728,202403,68190.0,68740.0,68110.0,68740.0,88
892,20230729,202403,68750.0,68810.0,68750.0,68810.0,7
893,20230730,202403,,,,,0
894,20230731,202403,68900.0,69820.0,68710.0,69720.0,659
895,20230801,202403,69750.0,70040.0,68990.0,68990.0,174
896,20230802,202403,68930.0,69090.0,68060.0,68170.0,102
897,20230803,202403,68090.0,68580.0,68090.0,68580.0,111
898,20230804,202403,68560.0,68860.0,68040.0,68280.0,154
899,20230805,202403,,,,,0
900,20230806,202403,,,,,0
901,20230807,202403,68290.0,68450.0,68000.0,68050.0,61
902,20230808,202403,68050.0,68260.0,67100.0,67480.0,179
903,20230809,202403,67460.0,67900.0,67460.0,67750.0,140
904,20230810,202403,67670.0,68060.0,67580.0,67660.0,96
905,20230811,202403,67610.0,67680.0,67180.0,67270.0,190
906,20230812,202403,67340.0,67340.0,67330.0,67330.0,3
907,20230813,202403,,,,,0
908,20230814,202403,67200.0,67390.0,67120.0,67390.0,162
909,20230815,202403,67390.0,67900.0,67000.0,67050.0,283
910,20230816,202403,67070.0,67220.0,66720.0,66980.0,417
911,20230817,202403,66990.0,67600.0,66750.0,67260.0,153
912,20230818,202403,67270.0,67530.0,67070.0,67220.0,125
913,20230819,202403,67250.0,67290.0,67250.0,67290.0,3
914,20230820,202403,,,,,0
915,20230821,202403,67490.0,67720.0,67460.0,67600.0,95
916,20230822,202403,67620.0,68260.0,67580.0,68230.0,186
917,20230823,202403,68170.0,68540.0,68120.0,68540.0,332
918,20230824,202403,68560.0,68620.0,68050.0,68050.0,82
919,20230825,202403,68020.0,68280.0,67910.0,68000.0,177
920,20230826,202403,68050.0,68050.0,68000.0,68030.0,5
921,20230827,202403,,,,,0
922,20230828,202403,68270.0,68530.0,68000.0,68180.0,192
923,20230829,202403,68330.0,68670.0,68260.0,68660.0,161
924,20230830,202403,68660.0,68890.0,68500.0,68870.0,538
925,20230831,202403,68880.0,68880.0,68350.0,68440.0,311
926,20230901,202403,68570.0,69400.0,68570.0,68930.0,476
927,20230902,202403,68910.0,68910.0,68800.0,68800.0,13
928,20230903,202403,,,,,0
929,20230904,202403,68920.0,68960.0,68400.0,68620.0,142
930,20230905,202403,68580.0,69000.0,68360.0,68960.0,112
931,20230906,202403,68860.0,68950.0,68380.0,68380.0,77
932,20230907,202403,68310.0,68510.0,68100.0,68280.0,122
933,20230908,202403,68230.0,68230.0,67760.0,67910.0,423
934,20230909,202403,,,,,0
935,20230910,202403,,,,,0
936,20230911,202403,68010.0,68790.0,68010.0,68730.0,309
937,20230912,202403,68680.0,68760.0,68400.0,68560.0,317
938,20230913,202403,68620.0,68750.0,68390.0,68670.0,120
939,20230914,202403,68650.0,69060.0,68440.0,68870.0,250
940,20230915,202403,69030.0,69340.0,68700.0,68740.0,222
941,20230916,202403,68680.0,68680.0,68680.0,68680.0,1
942,20230917,202403,,,,,0
943,20230918,202403,68800.0,68900.0,68460.0,68490.0,170
944,20230919,202403,68520.0,68590.0,68140.0,68160.0,306
945,20230920,202403,68150.0,68590.0,68150.0,68450.0,543
946,20230921,202403,68380.0,68380.0,67130.0,67540.0,1063
947,20230922,202403,67500.0,68000.0,67480.0,67720.0,551
948,20230923,202403,67720.0,67720.0,67610.0,67690.0,38
949,20230924,202403,,,,,0
950,20230925,202403,67700.0,67740.0,67310.0,67400.0,475
951,20230926,202403,67390.0,67600.0,66870.0,66870.0,1097
952,20230927,202403,66900.0,67110.0,66780.0,67040.0,2075
953,20230928,202403,67020.0,67180.0,66820.0,66990.0,1611
954,20230929,202403,,,,,0
955,20230930,202403,,,,,0
956,20231001,202403,,,,,0
957,20231002,202403,,,,,0
958,20231003,202403,,,,,0
959,20231004,202403,,,,,0
960,20231005,202403,,,,,0
961,20231006,202403,,,,,0
962,20231007,202403,,,,,0
963,20231008,202403,,,,,0
964,20231009,202403,66950.0,67200.0,66730.0,66960.0,2649
965,20231010,202403,66860.0,67000.0,65870.0,66120.0,3261
966,20231011,202403,66220.0,66600.0,66210.0,66260.0,1295
967,20231012,202403,66260.0,66660.0,66030.0,66120.0,3468
968,20231013,202403,66150.0,66330.0,65730.0,65860.0,3997
969,20231014,202403,65920.0,65990.0,65890.0,65950.0,24
970,20231015,202403,,,,,0
971,20231016,202403,65990.0,66400.0,65990.0,66130.0,1936
972,20231017,202403,66190.0,66240.0,65710.0,66160.0,2346
973,20231018,202403,66170.0,66700.0,66160.0,66300.0,1877
974,20231019,202403,66270.0,66530.0,66080.0,66460.0,1410
975,20231020,202403,66460.0,66560.0,65920.0,66050.0,1359
976,20231021,202403,66020.0,66070.0,65990.0,66070.0,86
977,20231022,202403,,,,,0
978,20231023,202403,65970.0,66090.0,65500.0,66090.0,1739
979,20231024,202403,66090.0,66780.0,65930.0,66640.0,2941
980,20231025,202403,66670.0,66940.0,66440.0,66550.0,2436
981,20231026,202403,66530.0,66560.0,66250.0,66360.0,1258
982,20231027,202403,66290.0,67200.0,66230.0,67100.0,4733
983,20231028,202403,67120.0,67120.0,66980.0,67120.0,98
984,20231029,202403,,,,,0
985,20231030,202403,67060.0,67770.0,66990.0,67310.0,3362
986,20231031,202403,67330.0,67330.0,66960.0,67160.0,2785
987,20231101,202403,67150.0,67600.0,66940.0,67320.0,4905
988,20231102,202403,67320.0,67550.0,67170.0,67440.0,3483
989,20231103,202403,67440.0,67740.0,67240.0,67380.0,3630
990,20231104,202403,67390.0,67390.0,67240.0,67300.0,318
991,20231105,202403,,,,,0
992,20231106,202403,67180.0,67750.0,64890.0,67600.0,3290
993,20231107,202403,67550.0,67640.0,66910.0,67180.0,4647
994,20231108,202403,67190.0,67360.0,66950.0,66950.0,3919
995,20231109,202403,66940.0,67190.0,66730.0,67180.0,3916
996,20231110,202403,67170.0,67220.0,66400.0,66420.0,6537
997,20231111,202403,66430.0,66520.0,66420.0,66450.0,387
998,20231112,202403,,,,,0
999,20231113,202403,66530.0,67210.0,66530.0,67180.0,5621
1000,20231114,202403,67180.0,67600.0,67090.0,67510.0,5935
1001,20231115,202403,67520.0,67660.0,67270.0,67650.0,6425
1002,20231116,202403,67650.0,67750.0,67320.0,67360.0,4574
1003,20231117,202403,67390.0,67550.0,67230.0,67360.0,10279
1004,20231118,202403,67310.0,67360.0,67270.0,67330.0,310
1005,20231119,202403,,,,,0
1006,20231120,202403,67420.0,67830.0,67370.0,67830.0,7139
1007,20231121,202403,67830.0,68140.0,67700.0,67960.0,11498
1008,20231122,202403,67960.0,68070.0,67350.0,67380.0,7901
1009,20231123,202403,67390.0,67930.0,67350.0,67890.0,5423
1010,20231124,202403,67900.0,67960.0,67560.0,67840.0,5429
1011,20231125,202403,67840.0,67960.0,67800.0,67910.0,557
1012,20231126,202403,,,,,0
1013,20231127,202403,67880.0,68020.0,67580.0,67590.0,5457
1014,20231128,202403,67600.0,68200.0,67490.0,68130.0,8100
1015,20231129,202403,68120.0,68220.0,67880.0,67980.0,7844
1016,20231130,202403,67970.0,68140.0,67750.0,68130.0,11496
1017,20231201,202403,68140.0,68800.0,68040.0,68780.0,14842
1018,20231202,202403,68780.0,69010.0,68720.0,68810.0,2943
1019,20231203,202403,,,,,0
1020,20231204,202403,68840.0,68910.0,68090.0,68100.0,9350
1021,20231205,202403,68100.0,68110.0,67320.0,67430.0,13283
1022,20231206,202403,67440.0,67930.0,67260.0,67490.0,11730
1023,20231207,202403,67500.0,67500.0,66900.0,67150.0,15860
1024,20231208,202403,67160.0,68540.0,67130.0,68500.0,15370
1025,20231209,202403,68500.0,68500.0,68270.0,68270.0,906
1026,20231210,202403,,,,,0
1027,20231211,202403,68280.0,68280.0,67520.0,67730.0,13730
1028,20231212,202403,67730.0,67910.0,67460.0,67750.0,11205
1029,20231213,202403,67740.0,67840.0,67350.0,67490.0,9922
1030,20231214,202403,67490.0,68640.0,67420.0,68450.0,20043
1031,20231215,202403,68450.0,68550.0,68080.0,68500.0,14630
1032,20231216,202403,68490.0,68560.0,68400.0,68470.0,1318
1033,20231217,202403,,,,,0
1034,20231218,202403,68400.0,68530.0,68230.0,68240.0,10788
1035,20231219,202403,68230.0,69110.0,68150.0,68850.0,24191
1036,20231220,202403,68850.0,68970.0,68550.0,68720.0,20932
1037,20231221,202403,68730.0,69100.0,68580.0,68890.0,24936
1038,20231222,202403,68890.0,69270.0,68870.0,69010.0,26040
1039,20231223,202403,69010.0,69090.0,68910.0,68980.0,1977
1040,20231224,202403,,,,,0
1041,20231225,202403,69020.0,69110.0,68930.0,69090.0,13898
1042,20231226,202403,69090.0,69380.0,68950.0,69010.0,26098
1043,20231227,202403,69010.0,69880.0,68950.0,69670.0,36553
1044,20231228,202403,69640.0,69730.0,68940.0,69040.0,34988
1045,20231229,202403,69040.0,69040.0,68810.0,68890.0,23134
